function [nodes] = sample_nodes_gen()
    nodes = [
        0    1000 1000;
        1000 200  1800;
        1000 1000 1000;
        1000 1800 200 ;
        2000 1000 1000;
    ];
end